I don't know why



Comic Cam- - -4A 00 74 00 4D 00 65 00 51 00 52 00 76 00 6F 00 30 00 30 00 79 00 56 00 77 00 41 00 6C 00 69 00 49 00 43 00 54 00 50 00 30 00 77 00

Caution Cam- - - 53 00 6B 00 54 00 61 00 35 00 33 00 4F 00 7A 00 4D 00 30 00 75 00 38 00 32 00 59 00 50 00 75 00 5A 00 41 00 6C 00 39 00 61 00 77 00

Yellow Osnap Cam- - - 65 00 32 00 38 00 34 00 34 00 66 00 38 00 34 00 2D 00 61 00 62 00 34 00 34 00 2D 00 34 00 31 00 34 00 31 00 2D 00 39 00 61 00 30 00 61 00 2D 00 62 00 64 00 35 00 64 00 61 00 37 00 63 00 61 00 61 00 34 00 66 00 36 00

Retro Gamer Cam 35 00 64 00 78 00 34 00 32 00 33 00 72 00 74 00 4D 00 30 00 79 00 67 00 57 00 71 00 4D 00 42 00 77 00 4A 00 48 00 42 00 4F 00 51 00

Carp Cam 66 00 53 00 62 00 7A 00 47 00 78 00 73 00 6A 00 4B 00 45 00 2D 00 63 00 77 00 74 00 46 00 46 00 58 00 36 00 64 00 4A 00 51 00 77 00



-------------------------------------------------------M A K E R P E N S-----------------------------------------------------------------------------------------------------------------------------------------------------------------

Green Maker Pen 56 00 59 00 46 00 39 00 4E 00 47 00 5A 00 42 00 67 00 55 00 36 00 54 00 4F 00 6F 00 39 00 61 00 79 00 6A 00 67 00 42 00 45 00 51 00

Purple Maker Pen 69 00 52 00 74 00 6C 00 4C 00 4B 00 49 00 2D 00 58 00 30 00 53 00 39 00 6F 00 59 00 55 00 57 00 4C 00 65 00 6E 00 41 00 4B 00 51 00

Pink Maker Pen 63 00 31 00 56 00 52 00 62 00 6D 00 44 00 47 00 48 00 55 00 53 00 37 00 4B 00 69 00 53 00 67 00 77 00 6A 00 35 00 70 00 72 00 51 00

Red Maker Pen    74 00 76 00 6A 00 59 00 47 00 65 00 52 00 64 00 77 00 45 00 71 00 6E 00 72 00 39 00 6D 00 66 00 38 00 34 00 57 00 67 00 63 00 51 00

Orange Maker Pen 57 00 77 00 74 00 46 00 63 00 52 00 6C 00 75 00 51 00 6B 00 6D 00 6E 00 43 00 49 00 5F 00 71 00 48 00 37 00 35 00 4C 00 5F 00 51 00

Yellow Maker Pen 51 00 37 00 54 00 72 00 5F 00 30 00 44 00 58 00 41 00 6B 00 4F 00 64 00 72 00 36 00 31 00 55 00 58 00 69 00 6F 00 63 00 6F 00 77 00

White Maker Pen 4D 00 4F 00 44 00 64 00 56 00 59 00 72 00 6A 00 61 00 45 00 79 00 2D 00 69 00 79 00 36 00 71 00 75 00 41 00 4C 00 4E 00 75 00 41 00

(Night Version) WorkShop Maker Pen 63 00 55 00 42 00 76 00 44 00 76 00 79 00 62 00 76 00 45 00 75 00 35 00 65 00 5A 00 44 00 50 00 6E 00 35 00 37 00 45 00 78 00 51 00

(Day Version) WorkShop Maker Pen 68 00 34 00 78 00 4B 00 47 00 73 00 48 00 63 00 54 00 55 00 79 00 33 00 69 00 48 00 37 00 50 00 56 00 46 00 6A 00 62 00 32 00 77 00

SteamPunk Maker Pen 48 00 79 00 4C 00 38 00 33 00 77 00 50 00 74 00 66 00 30 00 36 00 44 00 47 00 36 00 6E 00 73 00 48 00 6F 00 66 00 6F 00 65 00 41 00

Movie Magic Maker Pen 4A 00 74 00 4D 00 65 00 51 00 52 00 76 00 6F 00 30 00 30 00 79 00 56 00 77 00 41 00 6C 00 69 00 49 00 43 00 54 00 50 00 30 00 77 00

Mystery Maker Pen 42 00 77 00 49 00 73 00 63 00 56 00 5F 00 59 00 6E 00 45 00 36 00 69 00 47 00 34 00 62 00 72 00 6C 00 33 00 38 00 39 00 48 00 67 00

Mermaid Maker Pen 42 00 47 00 68 00 6C 00 4E 00 33 00 46 00 4B 00 47 00 45 00 79 00 36 00 77 00 2D 00 76 00 77 00 63 00 32 00 38 00 56 00 34 00 41 00

WonderLand Maker Pen 69 00 33 00 4E 00 67 00 5A 00 76 00 54 00 77 00 6B 00 55 00 53 00 4D 00 73 00 58 00 52 00 70 00 71 00 43 00 67 00 53 00 5A 00 41 00

Teacher Maker Pen 34 00 48 00 4A 00 33 00 77 00 52 00 6D 00 53 00 5A 00 55 00 75 00 68 00 4D 00 52 00 55 00 54 00 41 00 36 00 37 00 64 00 70 00 41 00

Waves Maker Pen 50 00 77 00 31 00 58 00 63 00 55 00 66 00 41 00 63 00 6B 00 32 00 74 00 4E 00 68 00 30 00 66 00 49 00 41 00 75 00 38 00 4C 00 41 00

Pumpkin Maker Pen 6A 00 75 00 46 00 48 00 77 00 6E 00 39 00 55 00 6A 00 45 00 69 00 47 00 61 00 57 00 79 00 4E 00 6E 00 6F 00 78 00 62 00 74 00 41 00

Dragon Maker Pen 78 00 44 00 53 00 44 00 4A 00 4A 00 58 00 32 00 77 00 30 00 79 00 53 00 77 00 74 00 69 00 45 00 36 00 77 00 36 00 67 00 68 00 67 00
----------------------------------------------------------------------------------------------------------------------------------
shield skins-

purple shield skin = 39 00 33 00 66 00 35 00 34 00 31 00 38 00 65 00 2D 00 61 00 30 00 33 00 64 00 2D 00 34 00 30 00 37 00 34 00 2D 00 38 00 30 00 34 00 63 00 2D 00 64 00 61 00 61 00 30 00 65 00 33 00 37 00 34 00 64 00 64 00 39 00 66 00


black and gold shield skin = 32 00 33 00 38 00 39 00 66 00 63 00 65 00 34 00 2D 00 33 00 61 00 62 00 32 00 2D 00 34 00 65 00 30 00 35 00 2D 00 39 00 31 00 38 00 63 00 2D 00 38 00 34 00 35 00 65 00 62 00 38 00 35 00 33 00 38 00 62 00 65 00 64 00


rock shield skin = 61 00 33 00 36 00 33 00 62 00 61 00 31 00 62 00 2D 00 32 00 66 00 37 00 30 00 2D 00 34 00 63 00 35 00 66 00 2D 00 39 00 34 00 33 00 61 00 2D 00 66 00 34 00 35 00 63 00 66 00 61 00 35 00 39 00 31 00 32 00 32 00 62 00


valentine skin = 65 00 62 00 39 00 30 00 32 00 31 00 30 00 61 00 2D 00 36 00 64 00 32 00 64 00 2D 00 34 00 34 00 32 00 39 00 2D 00 62 00 31 00 65 00 30 00 2D 00 33 00 32 00 38 00 35 00 33 00 33 00 33 00 36 00 38 00 35 00 66 00 63 00
